0000000011110000
0000000111101001
0000001011110000
0000001111110000
0000010011110000
0000010111110000
0000011011110000
0000011111110000
0000100011110000
0000100111110000
0000101011110000
0000101111110000
0000110011110000
0000110111110000
0000111011110000
0000111111110000
0001000011110000
0001000111110000
0001001011110000
0001001111110000
0001010011110000
0001010111110000
0001011011110000
0001011111110000
0001100011110000
0001100111110000
0001101011110000
0001101111110000
0001110011110000
0001110111110000
0001111011110000
0001111111111011
0010000000000000
0010000100000000
0010001000000000
0010001100000000
0010010000000000
0010010100000000
0010011000000000
0010011100000000
0010100000000000
0010100100000000
0010101000000000
0010101100000000
0010110000000000
0010110100000000
0010111000000000
0010111100000000
0011000000000000
0011000100000000
0011001000000000
0011001100000000
0011010000000000
0011010100000000
0011011000000000
0011011100000000
0011100000000000
0011100100000000
0011101000000000
0011101100000000
0011110000000000
0011110100000000
0011111000000000
0011111100000000
0100000000000000
0100000100000000
0100001000000000
0100001100000000
0100010000000000
0100010100000000
0100011000000000
0100011100000000
0100100000000000
0100100100000000
0100101000000000
0100101100000000
0100110000000000
0100110100000000
0100111000000000
0100111100000000
01010000XXXXXXXX
