0000000000000000
0000000100000001
0000001000000010
0000001100000011
0000010000000100
0000010100000101
0000011000000110
0000011100000111
0000100000001000
0000100100001001
0000101000001010
0000101100001011
0000110000001100
0000110100001101
0000111000001110
0000111100001111
0001000000010000
0001000100010001
0001001000010010
0001001100010011
0001010000010100
0001010100010101
0001011000010110
0001011100010111
0001100000011000
0001100100011001
0001101000011010
0001101100011011
0001110000011100
0001110100011101
0001111000011110
0001111100011111
