0000000000000000
0000000100000010
0000001000000100
0000001100000110
0000010000001000
0000010100001010
0000011000001100
0000011100001110
0000100000010000
0000100100010010
0000101000010100
0000101100010110
0000110000011000
0000110100011010
0000111000011100
0000111100011110
0001000000100000
0001000100100010
0001001000100100
0001001100100110
0001010000101000
0001010100101010
0001011000101100
0001011100101110
0001100000110000
0001100100110010
0001101000110100
0001101100110110
0001110000111000
0001110100111010
0001111000111100
0001111100111110
0010000001000000
0010000101000010
0010001001000100
0010001101000110
0010010001001000
0010010101001010
0010011001001100
0010011101001110
0010100001010000
0010100101010010
0010101001010100
0010101101010110
0010110001011000
0010110101011010
0010111001011100
0010111101011110
0011000001100000
0011000101100010
0011001001100100
0011001101100110
0011010001101000
0011010101101010
0011011001101100
0011011101101110
0011100001110000
0011100101110010
0011101001110100
0011101101110110
0011110001111000
0011110101111010
0011111001111100
0011111101111110
0100000010000000
0100000110000010
0100001010000100
0100001110000110
0100010010001000
0100010110001010
0100011010001100
0100011110001110
0100100010010000
0100100110010010
0100101010010100
0100101110010110
0100110010011000
0100110110011010
0100111010011100
0100111110011110
01010000XXXXXXXX
